39300
83172
787579
16101
453751
60062
441868
16487
522424
424559
94525
35954
540704
548806
68172
6324
329364
80887
68190
24418
792688
521158
65966
103713
214514
553299
96972
255320
188332
850638
606118
933181
8508
522425
308211
869308
517235
316336
859550
449363
103997
534183
834456
179275
564440
670059
625651
630365
810514
480455
779510
617584
99089
477877
691947
820891
538206
565014
699126
688681
616322
504677
634265
333344
718133
93908
760280
632386
587370
533425
638073
561736
837690
648778
811149
664184
444763
759940
419375
689557
854394
668463
920124
623885
800647
917382
506743
544865
620396
240783
609838
662902
591970
334552
931665
864525
780957
184535
880023
618998
675001
124387
308772
851436
82598
729077
696040
129913
557944
923524
780300
308993
929271
646549
784455
722371
546143
820500
683622
429694
556385
93589
65962
48699
419311
85513
67925
882031
659317
196961
305092
228947
611353
648084
653042
638705
572335
193379
926090
661288
516721
697115
781159
614559
603284
714240
450127
295288
799338
612557
779028
921726
596346
614964
771373
941347
581803
562796
216713
8303
613796
73385
231081
625804
336270
111078
488167
427096
668799
467844
605343
676375
324059
906950
305643
587787
187610
668094
540890
419920
657741
282744
577354
145561
729335
317084
906486
97780
621021
585061
93645
222282
639602
629608
748690
304761
261860
212386
932228
709647
945088
471775
789999
762282
653511
313026
276531
221860
861518
854420
847311
686470
614750
589848
578886
538172
245640
886432
751080
546593
30879
229484
96536
924112
885541
831989
631928
280738
17705
929063
903565
791186
670186
525375
454247
225121
945304
945278
943231
929147
27836
9704
235520
641634
141371
181786
55836
311671
524843
81128
634660
72325
846299
210126
580331
276506
240573
233329
133803
211567
272074
820470
474266
589841
678843
789594
97828
791433
83619
667641
246195
60757
224460
646224
576199
218001
96065
777652
594908
572877
52887
800177
253185
458613
597560
563314
65403
641636
414292
60794
339471
515036
73028
214241
712377
610885
235603
14451
680693
569631
47974
842744
675908
338684
717315
31278
921021
758174
640582
521821
893172
770294
748604
326934
225954
943833
905624
897875
8928
814213
78914
647726
609354
580035
578004
499288
413387
121202
943829
900292
852154
621203
595578
592807
588295
556816
499219
486141
450943
178005
945355
944479
943809
942900
942078
938020
935991
934080
915437
897576
869878
857046
849602
837390
83443
800383
79001
759366
701443
686662
782513
583170
442078
547440
548525
782520
782355
593164
782360
715899
586281
782369
533580
223448
508053
619966
305233
522898
604793
706404
833917
782454
691186
731326
917003
821151
940023
887778
841244
782559
868866
676789
243259
547149
876503
782565
516010
942623
918821
782553
782551
782546
751509
667897
599402
56621
524834
469831
945129
896634
863433
859830
818789
782590
782589
782557
782550
782544
782541
782538
782534
782529
782504
782498
782437
782429
782377
782352
764827
751494
751320
746608
717721
691314
667195
661396
637330
634705
62505
610044
601878
595236
594255
587035
582061
581696
580650
580213
555242
553145
553116
548993
542695
540608
509719
508724
480867
434450
433411
417647
35375
328173
308401
250819
24765
13005
231554
30340
239394
318812
20599
97183
15404
107194
775239
101818
522127
274571
924925
741606
340221
878766
2441
582024
935384
540031
7177
138175
504632
560486
662150
435654
219364
550178
872933
862180
534120
72571
538086
295698
602325
509843
644733
799363
112766
99045
742268
431903
310432
665166
704026
310999
226305
58842
553854
278058
938018
483462
2832
84954
266450
715221
321303
915507
664384
600555
570758
38295
944244
824359
31198
215998
652969
944521
942952
723806
669970
652425
417720
302051
222484
944216
931745
765768
582560
251377
209524
945294
945177
944366
939253
933966
928153
895811
885720
777442
766108
686660
460171
240234
188483
945273
944188
925384
919249
918062
878914
845002
843084
660319
6016
509757
312752
265493
225151
165231
15898
945296
833187
789940
647177
608877
280223
194442
44198
78561
744837
63147
37721
688036
668786
572030
14628
423995
669449
747517
126493
25132
95464
882098
818677
555607
133642
69621
855813
796284
673733
647603
428240
268675
512135
641197
810455
96896
436106
674152
869159
102596
577224
544677
135728
256914
725755
916749
655256
664250
651164
648706
457523
825489
315534
674633
102629
484507
710922
882930
519991
210623
543073
788635
676451
72821
607207
673745
598629
331733
79763
547685
57180
708017
449556
194885
533196
691614
617067
763997
227459
622418
903316
712408
675050
926864
522104
854522
596532
80483
425543
311573
646163
651533
302266
700822
571236
700140
830386
773168
719266
255966
637869
908814
660711
865653
928144
617912
333764
861587
670540
664328
655197
668210
229025
310012
659110
692922
710642
303474
217119
626548
708432
95808
890678
419521
729694
507211
11046
103971
571151
486525
417570
274517
554640
237299
725388
941989
548483
192116
770461
324294
677539
711153
705309
309480
561591
883276
70360
237326
4542
115555
3309
932539
774328
932738
911261
523925
460900
931721
741197
41829
623018
464311
607437
268
665870
311309
447534
323160
332882
721188
830907
744004
829449
662174
527733
252532
501852
606904
928586
725051
849563
914738
854592
646587
183699
500519
849326
825434
209239
611029
706953
924074
719915
857178
608374
824608
803440
816449
819559
784039
727115
894526
668159
422027
929343
776383
84452
74751
156277
534740
543188
85963
415275
646918
699699
68318
555097
556173
26023
702130
95510
572962
962
503641
93804
218790
327269
455893
608260
31543
217348
890225
701579
218171
691259
94892
126621
535803
809551
603003
546621
180049
632364
12209
703747
415301
503102
536179
560470
685752
656480
443976
81515
437894
833125
241060
239508
157987
818503
33922
61412
568638
522607
129227
921903
644954
567635
521230
921749
323985
779978
219429
707008
609997
591200
238609
519454
588889
713786
555239
936340
651043
65415
507078
614376
669656
750890
449160
546592
711902
691622
721002
753122
702986
705818
456224
779979
557275
161973
417534
499901
685825
31678
793629
13167
261597
522918
253887
572807
703632
522321
154211
418947
603164
578444
927278
48154
478993
809998
543470
3320
716376
525816
63395
534834
268716
480298
529277
249174
608186
558263
645750
219190
922628
674435
685497
591172
831141
639981
719091
638072
700331
642982
284901
609656
413433
714685
878924
824551
817837
431409
455583
643319
866164
691210
539282
938836
840183
912701
859840
808043
74639
943955
905673
841285
831675
783504
592109
541904
940708
867369
764410
585793
449314
414818
591839
488744
296948
509279
457613
526533
577096
781336
644559
547670
79460
610693
665368
598668
424703
524649
630883
793433
772967
209761
610034
907918
608906
493679
457231
668750
685425
854516
942341
753911
831863
659285
753079
644272
658490
546155
843160
699011
704663
633233
244130
927294
795969
311629
838267
577012
859388
801676
771444
695266
700565
437646
908009
442470
702983
646641
645374
570590
573145
307847
894340
5212
645998
570262
168453
536668
619816
583297
45467
717581
668216
686053
945085
882696
870285
647100
591374
898431
897812
875342
838733
818203
677614
591475
495182
98974
940298
921757
902862
881700
802043
792937
741770
680871
624563
582772
932548
869114
862083
813261
809689
799802
768935
464896
945315
944881
944776
944656
940817
914563
897676
887698
849421
817873
810026
757659
702928
442076
420636
613337
848337
493590
832471
856415
864896
745721
642687
577780
591065
936500
841603
264383
760340
679984
885531
891219
621290
941545
800183
733291
641137
599166
613379
553657
747856
280181
906021
676807
676557
67731
654902
870254
629071
735372
618927
584260
732462
617738
583194
688527
629756
847979
60780
944399
877126
707855
629163
864147
738378
337413
324930
851494
776725
622110
124519
783514
765952
66588
645714
603868
557706
544781
945380
944946
885417
719146
698559
621014
565589
933203
929744
910351
879275
553940
943573
939914
928113
868838
851589
70839
663942
581341
558523
318728
928997
928741
898428
618580
229089
535534
9293
552712
595265
463161
599888
607167
435896
767070
592385
678298
700788
704383
736213
733152
656909
784693
944161
733652
620266
844339
594906
332413
809303
650906
945195
939118
901877
660158
602356
912842
944884
687209
751277
657035
593901
674897
613077
618504
584875
642822
451265
643157
580514
881853
919384
707261
702718
663808
561620
939533
901812
940889
831743
610346
608841
467344
722051
608923
704261
833617
739196
876410
773029
608120
888379
557107
498621
937247
743943
442280
943998
924827
901730
664736
646814
930033
916919
916769
880722
824127
595367
530907
429170
287226
945348
945206
911316
874816
798297
683595
673194
634001
606480
599770
24830
945418
937217
911641
896835
945267
945224
945212
321740
340032
905521
587997
479378
644654
633505
834033
548605
267650
689611
741133
892789
686965
682127
224614
679560
645866
778135
619643
913864
742012
198382
761991
610632
940961
659803
616334
927175
631321
914658
909810
945297
945260
708386
273442
702636
908797
786717
906620
696708
833104
833619
934992
733184
940824
757475
700985
619625
944355
898221
674653
660561
945272
86117
945420
935501
83569
299441
323740
666835
54058
870272
765806
147398
630761
649341
684855
860513
885849
910302
593964
226100
574465
699995
567163
317454
593243
677225
639533
578009
673916
516615
557328
940359
683358
311416
942045
937286
909617
829304
690559
107136
639875
326016
915946
823244
162350
800406
790576
927909
82275
813688
698697
308130
664295
651863
98685
935654
926781
920452
916940
590516
899506
897339
775513
761469
621489
547981
539028
536100
214675
920265
766163
683204
945414
899726
867515
839684
942733
942099
312212
747130
217853
937475
643626
916228
891154
578278
572798
803452
549564
565715
528261
852790
896001
496472
923570
599636
205575
584106
575446
753308
891733
291447
450745
896127
829161
924365
228866
683851
710679
585704
715363
665251
176341
915820
457095
616262
933659
634728
601227
457847
627257
607898
937427
509592
762548
896445
429291
804797
579386
694042
830520
811418
780618
628763
603749
435398
794626
463646
822054
832460
878377
882170
515541
752769
658285
738855
923225
819342
843416
799825
904657
557118
782028
696594
564459
416040
912090
922811
710672
590164
504812
943393
913412
772638
767674
596593
945308
944814
656448
597426
277748
886416
819277
645688
939048
917432
707342
652976
576208
945290
945086
940857
934424
896447
859731
587172
944340
940878
916404
908950
852367
629564
945419
945412
945373
945314
945210
643987
500290
840534
682293
604456
71771
553288
52579
571188
669509
604183
740493
251769
912899
600330
756515
764967
141587
246208
690231
484210
655477
514464
590349
624386
494608
535075
645406
850670
669496
869128
614192
814061
552734
813313
523723
223578
510363
752116
809006
485718
772939
664388
936552
819800
683730
602600
936960
916418
893765
867679
569349
727296
711338
648240
572585
454502
836672
686788
129985
838430
785588
529381
928915
645163
929780
787932
658719
937431
560749
545799
779411
677686
589650
530508
513044
944699
925197
914193
835932
810691
809847
757412
285746
213601
198983
944210
846063
608523
607119
522070
327666
945135
885439
828713
825416
716258
634044
618708
604462
594222
575077
412145
309556
944067
943849
940120
939874
928534
908071
901983
829647
790508
716945
653439
631391
601814
291493
945401
945397
525207
195358
693093
104686
764053
57938
164435
712657
524602
566322
423559
571537
814795
809788
666296
639518
64076
518566
778262
750088
943170
929411
915904
681601
306177
653167
35612
223115
275472
109810
70249
458044
27120
99579
525540
180401
221800
753561
67205
914215
213715
71320
717446
185363
60117
592689
512033
717501
104877
613227
105381
627298
722858
486816
277961
50023
543662
110802
645590
730461
604676
617059
869559
755580
59517
53061
586087
541251
570850
515621
415984
436804
583851
940583
745986
580225
575095
597970
516369
211219
594130
923877
767534
421667
745490
621866
548036
167181
939451
844651
33904
614645
548880
894359
82725
223268
832261
828141
717230
99239
939568
845163
658183
453377
879766
776023
763974
759833
725571
640561
632490
554895
931935
919955
914366
908149
893322
859680
547225
539117
505364
252605
222761
131015
927623
814680
797132
665552
659996
64308
937322
936407
827939
644989
524930
516908
276644
944636
933954
923719
895021
854534
798121
632211
624761
932937
921132
122024
260177
600753
443507
67168
466056
311207
339602
472537
557748
213570
441811
42437
550892
521957
262449
220802
307393
623613
495896
550795
710748
555152
248816
652942
185251
537916
446418
314327
302152
580202
479128
656474
448754
229131
501153
721441
640220
527622
535561
475008
110787
854376
209883
433596
61347
657748
653802
555395
673388
131654
927894
540707
230722
302604
699911
895119
636580
60696
890955
724747
606634
592638
327119
840163
676214
576712
683218
234207
916876
898461
842419
745342
477139
778830
740013
599058
102762
940391
920637
900294
896546
827111
820045
799569
762600
650422
328738
942975
917013
906880
836221
626154
232809
129901
95839
65886
549509
812787
851983
276575
633594
46435
646058
570271
217165
521761
872419
120431
146322
941920
941810
527230
213511
676629
673084
584312
871941
855061
933174
185320
945255
271265
415803
327688
577238
844932
850788
634679
820330
840080
857827
542244
574341
212053
445247
602355
944412
831845
676040
823388
934286
422215
657286
290923
862843
665540
936509
661894
596066
720397
482076
10903
547162
318624
518512
605316
554559
721232
301289
240192
639534
650726
618219
738741
562590
331599
629176
896736
693446
763748
582587
667678
809823
677406
672985
502306
449879
635197
814026
941562
564971
687206
433808
618348
660433
742830
540910
901169
295063
722790
566211
795901
535316
813696
699963
910399
649607
522122
670482
789427
718279
798703
775160
667065
809157
827673
944159
930966
911420
572853
234533
243486
272791
177701
944233
939990
834289
664518
751633
936743
785534
696863
613380
632759
609579
587400
753872
661615
625885
613441
944563
944238
942963
935704
890132
859915
808382
798880
582796
508582
444806
942354
941595
920567
761513
940340
867292
701044
649742
579136
932670
930850
895987
895334
321384
945387
941014
916607
860385
755105
659621
546534
945336
945287
943223
923234
945421
945409
945381
945305
945225
885806
921389
839533
670827
611813
919648
886745
567276
580527
517915
924006
636141
687247
610605
753210
487006
470206
553411
58260
541749
510644
719801
605139
251469
535695
668864
594781
289259
583360
568382
505702
910287
518524
320392
291223
226328
683955
526169
437330
569166
876532
668486
498664
573977
570793
486981
574443
329043
549030
656110
636306
717892
911406
456816
665740
517400
688716
117567
508392
811851
614542
218677
565321
434622
677299
42277
858121
613470
562989
233037
607695
544079
661874
645092
454174
535228
274064
494199
649372
615888
830304
543583
68367
624643
811294
942450
676707
921071
913174
634770
944269
941052
911893
846178
814340
800044
712195
606256
944705
943051
927081
923566
868204
756003
725452
481600
945345
944789
924903
899907
898787
893925
617150
575012
901361
798956
794618
737857
594841
797895
814235
588167
313135
604016
721507
636684
626709
599332
599674
823606
787680
911867
797511
944445
915269
574257
909918
823878
809368
635896
940014
906658
931607
944209
940659
293829
306935
93936
512317
61737
241800
536746
504782
572495
101590
590219
301819
485970
707982
500896
673414
482816
911783
891208
702286
687248
553995
431109
818908
55175
944441
883329
766566
574613
55096
904731
852038
716995
550220
748652
797003
272907
616005
638500
509722
495329
466180
531426
180806
575387
669881
674453
750519
679305
22
941787
478997
707242
684078
242418
224071
18171
722182
290333
944214
788148
532984
738878
554900
103338
507874
497345
182579
309454
677857
737616
860284
310597
576224
559546
268076
434604
748243
882592
654812
617009
512421
788466
335478
338086
505293
601305
675812
869274
877834
788920
788623
708843
857493
247833
102246
908430
841059
905310
904775
879966
755637
752421
933878
892313
756622
730662
926482
847522
838778
769888
929354
829309
557788
940392
790732
683701
867228
313290
213841
5
457908
614741
582337
572015
534121
665049
649681
422801
286934
513407
278739
244818
544659
502659
650186
263009
843904
945207
872130
788291
731164
703870
668178
538701
737202
554786
714363
884616
643844
945332
940847
832936
508903
929149
909291
895302
650540
941329
945417
933505
945403
64593
249751
315876
484495
257945
443934
539734
568366
911264
623000
509624
184291
105556
671186
936800
154191
593084
742650
911522
699059
240275
944774
617818
668719
780216
842028
182701
649964
883718
540560
610309
676019
225191
907913
659185
551070
620008
446787
573970
885041
501743
692001
909696
626423
70547
513748
721799
759149
639550
780145
676449
776008
901192
867535
943463
638181
646364
216722
898126
750313
617422
883593
741692
943888
943099
536988
906640
431576
917531
942031
547751
277703
935933
687628
869990
682049
933395
926772
684853
602901
940440
937104
942065
85905
765164
57491
257658
307105
562175
892636
634305
832275
426901
670852
461336
901805
524937
879701
595252
935906
755613
210626
861075
742053
453787
303323
927889
239928
933333
889146
936779
691561
433709
929073
895203
802276
741019
737479
669149
927382
828176
645976
340115
566497
761693
679277
500228
614345
445895
601456
214459
653632
314793
646655
235463
444146
867215
463938
304391
548634
830634
444708
296495
450167
285379
434213
453609
460392
482554
652458
518194
630595
596871
488265
506007
777320
745972
661444
595299
668002
236093
667997
643550
576771
937644
923696
553770
421045
940768
336812
308853
589022
935956
924579
500904
497274
945156
943987
880159
690604
625676
454527
265593
457616
508791
321987
586064
318901
733934
604580
802105
773392
121315
551558
938034
475754
758871
18474
781737
944482
642750
748425
652806
597750
889888
861388
606555
614595
741751
178029
259500
610189
796716
728893
721526
904245
502469
795620
915229
597965
796687
610484
848564
929991
687995
804519
829483
651880
614371
666819
620831
856839
911664
945342
615631
562377
653681
906286
878712
938366
927661
926339
920171
736809
602779
893109
886478
880697
679132
675860
652796
543504
177392
936265
767303
536996
845253
550327
891532
613919
412053
820594
884333
211543
252272
596197
759270
296873
183610
598044
809698
653888
554483
901556
606101
307697
744370
935060
578162
604047
872159
927153
943887
492732
880978
828172
833855
832635
869668
622890
925035
559470
942135
912097
725291
941504
938515
687406
943418
945399
477152
224441
817223
214589
772839
600118
569654
63503
942368
774054
602932
919077
813196
601692
647196
812615
129348
2129
687234
647071
588204
166063
878481
446560
784635
602194
534425
99484
920645
233290
435756
643696
274918
228613
509486
80515
795211
580028
612182
610558
204497
337987
427378
505771
539822
811626
700165
707063
891121
626314
470758
422494
943213
729579
933526
662838
291720
944824
902021
775884
454127
915090
824466
202351
111536
642305
120413
241259
223870
593331
290782
663294
241820
944144
143432
250875
584822
564775
543439
934742
518017
50030
277393
944769
895525
236364
945232
915122
39073
300407
83207
252802
4332
85894
248753
52787
574142
218859
81970
17732
122402
603427
672875
101217
20415
298982
206858
6540
413573
288073
326183
333702
315457
7127
263824
310926
3928
644797
102172
812639
66786
298645
328491
778936
694932
59612
556486
428338
773202
55955
711593
919297
704554
672240
291237
460728
685530
714779
652590
238365
524730
281342
567118
311660
36337
538523
721335
285896
273878
769701
131977
314572
731433
777417
146615
63118
536806
433564
572550
542236
551906
471962
738280
723318
524800
322360
787451
65297
441896
719313
907622
849014
675396
114381
788704
533960
888010
276200
642564
334298
268517
921502
465761
435981
258718
223521
453518
800593
861399
260099
278112
422651
707536
231464
904353
329667
878684
692246
488884
84664
674931
633421
260322
686181
5423
628968
855677
476600
211561
743834
722542
503494
295258
107759
424123
856166
723496
440711
636235
596685
632058
95220
891634
3409
759954
534810
335697
13226
507100
944845
600143
316175
275610
794706
850954
71999
542704
700611
299126
288151
212023
290712
283853
485024
234445
928202
694782
143269
685009
778635
314389
817948
937905
942021
634351
651306
267471
810029
713301
535452
452062
929358
819955
798080
700309
614202
939631
590900
945398
607089
423432
911513
297535
645
540046
329998
522778
106261
879840
273956
265567
691894
580235
478865
631911
637340
309515
692160
679509
458108
713178
708704
860163
432611
418770
589616
211577
467448
628546
274361
591190
598271
302864
570781
584829
934741
554710
713578
302707
874630
651793
43475
639423
847602
851040
440341
100649
536053
939222
597059
943337
810071
646505
594629
918082
882237
794900
787004
764011
738077
720493
687434
661192
943530
942185
937342
916286
895652
763880
661118
629681
622932
890944
847602
507505
538996
891195
540687
616543
472716
151299
605735
940639
5714
864002
941022
904998
21516
916907
945313
944684
587368
196775
826023
733175
582191
635203
711623
569401
582252
828552
146679
633216
941197
940077
936196
900851
684612
690323
665405
920977
907936
905555
325751
584449
607888
49818
428759
610612
562261
557543
563503
762281
609029
547576
943910
602124
832238
102731
851104
702726
518372
712662
884655
854991
853115
118668
621980
905833
723300
736349
295091
507455
268744
634039
1264
437434
164161
841098
588992
662830
867904
548266
51159
907670
125395
944942
619889
580275
852500
944293
568994
490655
72020
631354
572825
482443
289250
274260
240756
944187
413610
61490
938287
552236
144448
895297
870439
790259
468477
761459
100097
654601
941095
917106
443539
802244
937021
682785
835319
520195
940221
907276
646678
554138
900117
551674
493418
696210
898967
937796
412661
477433
781739
627551
222530
760650
484579
440261
546374
67682
132701
481683
548702
221427
536272
235464
621113
640942
939936
802547
915451
902657
828306
582085
944746
310606
575157
256912
568747
540052
108076
757132
17581
667966
652149
775105
508494
775744
564542
517319
673966
244697
944941
698348
72216
519830
945198
535049
325497
223326
438878
497188
833791
466088
804067
302118
61558
613637
780081
514762
625330
593343
478574
939355
563064
852162
546751
620538
531318
906769
557242
274626
865157
678365
626872
918288
428812
286138
614137
586753
679926
693324
315280
609161
585619
507847
248561
721641
793901
814717
316811
658234
560458
461299
931171
804636
695571
2333
919359
920038
627690
140887
101891
903757
421640
617430
917237
944594
587938
665030
828895
195835
940324
921907
641655
707218
626811
269683
595555
239150
572076
609380
720817
687099
685143
117200
713451
904009
834212
702259
719673
282227
269666
753514
570835
448067
772555
83406
752805
445702
613431
441357
234143
553266
856831
213667
447302
309637
421413
438710
441332
610244
685170
110571
748575
269675
448066
919944
748216
518149
920482
898692
704605
748192
582347
587026
647168
610195
157598
573079
735603
546419
662741
758052
817783
736157
649180
489613
285174
611818
168960
84523
318336
945029
722036
570693
257996
667353
862417
593361
750066
662278
945328
556397
334276
605241
842743
653763
694028
934459
941876
886854
787385
635603
814016
580574
832146
705527
943184
822896
942233
711756
944629
938484
673715
680458
702188
117869
763773
758108
305214
221869
79148
609384
908510
534543
832753
910837
676396
882192
170462
742685
776607
585949
171923
929458
758011
945360
281104
134000
633144
630724
502622
94297
239910
261661
467509
713484
789985
782370
796666
667000
421665
870356
565885
860272
654502
704190
630249
560616
551283
571309
744751
876043
818632
687651
709842
713657
856950
854503
668160
889024
793400
799280
812670
805119
795105
792909
914556
834403
258702
873783
709919
546487
817636
939586
812877
581690
895679
769387
902894
446450
808418
923721
819301
891761
859259
764579
941942
885355
679584
945357
939447
874166
268532
945282
940607
938741
935095
930823
873725
841837
696372
256229
945377
943919
937370
932701
908381
845594
836860
689897
680599
646037
613076
944591
939081
938677
936111
934113
909782
888539
829251
789879
727839
669330
507146
945299
945291
945281
944967
943487
941224
939226
926965
922046
886498
654805
641701
945439
600401
795259
759679
738278
598511
872575
733882
307072
900915
919240
746456
940146
636631
312872
587933
466788
742487
743912
447572
628656
750974
794884
900107
666900
909090
862568
914768
832974
899838
799004
945318
878350
944243
726330
105843
742665
793871
714444
877551
711368
941866
596727
937265
827875
879504
679952
539562
241010
211132
939807
248580
454376
940596
251638
937472
191540
876686
708790
945356
795467
452557
617145
630797
602720
721284
604944
814595
770028
853508
665677
945099
487518
683845
886345
673600
618914
539963
777894
794673
659779
263937
624253
634145
612782
924533
921949
912808
593529
795341
638575
728126
889745
644336
564344
463244
625319
611838
646872
844581
941006
894793
674470
642006
661037
886327
941570
929623
825079
748345
481435
786909
781326
883791
616211
796500
816393
501637
876937
896879
763879
653170
639352
922141
856540
659624
709597
795506
493094
878678
834284
886640
807706
799945
272009
881983
797820
660361
737915
757878
825834
566591
855482
679824
671319
918308
55310
837866
908305
938037
710155
913032
415348
886479
703286
938357
603545
936488
306050
905004
816988
515372
586862
699345
638245
847638
325024
264172
808547
677005
873668
945066
928104
901797
633596
893645
836934
764793
511506
906022
882700
