1.9万
6456
32.2万
30.3万
16.5万
13.1万
10.2万
10.1万
8.1万
3.9万
3.7万
3.6万
2365
4227
3.6万
3万
2.3万
2.3万
1.4万
7901
6789
5458
4899
4886
4718
4658
4513
4432
4112
4103
3663
3562
3441
3427
3377
3334
3284
3211
3097
2861
2843
2828
2735
2709
2672
2639
2625
2606
2590
2579
2563
2561
2547
2504
2501
2500
2497
2485
2463
2447
2445
2413
2407
2386
2379
2347
2341
2326
2322
2313
2251
2251
2248
2240
2231
2222
2207
2189
2178
2177
2174
2174
2163
2159
2148
2144
2143
2141
2140
2140
2136
2132
2129
2123
2110
2110
2110
2109
2106
2105
2103
2099
2098
2097
2097
2097
2095
2094
2092
2091
2091
2079
2077
2075
2069
2067
2060
2059
2059
2059
4175
3万
11.8万
10.7万
3.8万
2.1万
1.2万
7323
3926
4098
518
3693
2288
1972
1948
1910
1624
1326
1277
1260
1234
1205
1107
1104
1070
1068
1065
1064
1052
1042
1035
1028
991
987
954
921
903
860
826
812
769
728
684
664
652
617
595
587
572
571
567
526
492
490
439
426
385
346
331
321
269
252
231
212
193
187
109
95
79
62
55
51
33
16
14
14
13
11
10
10
9
9
8
8
8
8
8
8
7
7
7
7
7
7
7
7
7
6
6
6
6
6
5
5
5
5
5
5
5
4
4
4
4
4
4
4
3
3
3
3
15.5万
2万
1.1万
8871
5290
4667
4240
3731
2764
2340
1424
2208
2077
2040
1589
1567
1337
1212
1156
1154
1136
1131
1110
1099
1050
1048
1036
1032
989
949
809
756
744
640
556
500
497
497
482
451
422
321
257
227
195
187
160
129
108
102
100
80
73
72
21
18
18
17
16
15
11
9
9
8
7
7
6
6
6
6
5
5
5
5
5
4
4
4
4
4
4
4
4
4
4
4
4
4
3
3
3
3
3
3
3
3
3
3
3
3
2
2
2
2
2
2
2
2
2
2
2
2
2
2
2
2
2
2
2
2
6412
137
5148
37
288
18
17
19
3
441
31
64
7
8
3
2683
1079
1025
686
521
204
71
32
25
11
9
8
8
6
5
4
4
4
3
2
2
2
1
1
1
1
1
1
1
1
1
1
1
0
0
0
0
0
0
0
0
0
0
0
0
0
0
0
0
0
0
0
0
0
0
0
0
0
0
0
0
0
0
0
0
0
0
0
0
0
0
0
0
0
0
0
0
0
0
0
0
0
0
0
0
0
0
0
0
1.1万
4695
3495
3236
2984
2594
2590
2295
2250
1887
1835
1743
1573
1551
1495
1385
1352
1296
1291
1185
1170
1156
1151
1119
1053
1032
965
912
721
668
658
647
643
624
603
601
597
573
554
547
535
533
474
464
459
373
174
96
74
45
18
18
16
16
16
15
12
11
11
10
10
10
8
8
7
7
7
7
6
5
5
5
5
5
5
5
5
4
4
4
4
4
4
3
3
3
3
3
3
3
3
3
3
3
3
3
3
2
2
2
2
2
2
2
2
2
2
2
2
2
2
2
2
1
1
1
1
1
1
1
15.3万
3.4万
1.3万
7299
3663
2918
2812
2771
2754
2648
120
453
2573
2517
2495
2449
2386
2340
2283
2237
2208
2139
2093
2086
2045
2030
2006
2004
1997
1973
1950
1948
1911
1845
1813
1785
1774
1766
1736
1665
1612
1573
1569
1544
1543
1475
1443
1382
1357
1294
1272
1259
1256
1232
1219
1205
1171
1161
1120
1110
1095
1075
1073
1072
1070
1066
1066
1061
1060
1055
1054
1048
1048
1047
1042
1038
1038
1037
1036
1034
1034
1033
1033
1033
1031
1017
1010
1004
999
997
987
957
948
946
944
941
941
939
929
925
921
872
869
854
842
841
828
805
718
659
657
655
650
634
633
628
566
553
549
549
907
3343
2366
2328
1351
48
1166
994
810
764
378
222
190
152
82
64
48
43
31
10
10
9
7
7
6
4
4
2
2
2
2
1
1
260
2.3万
1.3万
2557
1182
770
690
569
557
465
113
18
17
15
14
12
10
8
6
3
3
1
0
1734
3556
3110
2919
2069
1657
1289
1203
1083
1042
79
498
914
577
39
18
12
10
6
5
5
5
4
1559
22.5万
18.9万
14.9万
6.4万
3886
2.6万
1.2万
1万
6833
6360
2274
745
6205
6136
6118
5662
4339
4285
4102
3545
3464
3111
3103
2981
2961
2939
2794
2793
2713
2704
2632
2627
2599
2578
2544
2469
2450
2441
2425
2406
2396
2358
2342
2333
2320
2318
2289
2288
2220
2218
2201
2196
2176
2159
2138
2136
2120
2119
2069
2065
2059
2053
2009
2007
1999
1982
1980
1973
1953
1953
1890
1742
1734
1727
1716
1715
1711
1689
1676
1654
1642
1642
1635
1632
1612
1575
1562
1550
1497
1435
1417
1390
1364
1360
1350
1344
1330
1324
1321
1309
1304
1298
1266
1259
1253
1253
1251
1231
1228
1226
1225
1219
1208
1201
1177
1171
1171
1168
1159
3174
1543
1190
1122
1013
1005
839
711
611
583
385
581
575
493
488
482
340
241
239
112
14
13
9
8
8
8
7
6
5
5
5
4
4
3
3
3
3
2
2
2
2
2
2
2
1
1
1
90
1626
19.3万
6614
4156
3865
3020
2360
2032
2002
1952
1887
699
1777
1505
1384
1324
1313
1310
1255
1240
1179
1175
1173
1124
1111
1110
1095
1082
1071
1065
1063
1059
1058
1055
1050
1050
1042
1032
1030
1030
1007
1005
987
953
941
877
743
592
582
576
555
545
521
466
370
368
206
137
20
19
18
16
14
14
13
13
13
11
9
9
9
8
8
7
6
6
6
6
6
5
5
5
5
5
5
5
5
4
4
4
4
4
4
4
4
4
4
4
3
3
3
3
3
3
3
3
2
2
2
2
2
2
2
2
2
2
2
2
2
1.1万
2.1万
9117
8503
1059
2279
1641
687
587
415
285
256
216
128
113
71
54
18
16
9
6
1
2969
2710
2598
1990
1764
1238
1086
1047
973
682
674
639
609
507
90
67
36
20
20
18
14
14
13
13
10
9
9
9
7
7
7
7
6
6
6
6
5
5
5
5
5
5
5
4
4
4
4
4
4
4
3
3
3
3
3
2
2
2
2
2
2
2
2
2
2
1
1
1
1
1
2.2万
7126
4412
4324
2510
2023
1566
1221
1185
998
979
553
430
50
45
20
16
11
10
10
9
7
7
6
6
4
4
3
3
3
2
1
1
0
504
1966
738
844
598
354
239
228
180
125
103
68
48
32
28
22
20
20
17
15
15
15
13
12
12
11
9
9
8
8
8
6
6
6
5
5
5
4
4
4
4
4
3
3
3
3
3
3
3
3
3
2
2
2
2
2
2
2
2
2
2
2
1
1
1
1
0
0
0
0
2.4万
1.4万
1.1万
5880
2465
1949
1878
1552
1141
1056
440
980
692
663
608
585
360
109
44
14
13
13
8
8
6
6
6
4
4
2
2
1
1
0
1019
333
198
1045
329
2190
417
373
51
18
12
11
10
7
6
5
5
5
2
2
0
0
2607
2623
2511
2079
1222
1176
1163
1099
1057
814
781
600
599
554
553
475
469
467
456
251
198
130
95
52
20
20
19
16
15
15
14
11
11
11
11
10
9
9
8
8
8
7
7
6
6
6
6
6
5
5
4
4
4
4
4
4
3
3
3
3
3
3
3
3
3
2
2
2
1
1
1
1
0
0
4706
5.7万
851
2117
2.4万
1066
8723
8354
6251
5058
404
3119
4870
4300
3716
3587
3428
3408
3330
3163
2756
2661
2586
2367
2073
2036
2032
1986
1972
1636
1599
1571
1546
1470
1404
1187
1139
1129
1081
1066
1065
1061
1052
1023
1014
947
930
909
853
839
774
764
591
560
417
386
381
288
182
180
120
113
93
68
58
30
27
20
19
19
15
15
12
12
10
10
9
9
8
7
7
7
7
6
6
6
6
6
5
5
5
5
5
4
4
4
3
3
3
3
3
2
2
2
2
2
2
2
1
1
1
1
1
1
0
0
0
0
0
7618
5426
66
3912
3635
2827
2817
2675
2406
2387
1152
2171
2133
2086
2077
1685
1435
1423
1366
1316
1306
1295
1252
1225
1181
1167
1164
1147
1132
1109
1082
1009
960
907
562
532
532
527
477
257
242
221
177
146
142
73
54
28
20
20
18
17
15
15
13
12
12
11
11
11
10
10
10
9
9
8
8
8
7
7
7
6
6
6
6
6
5
5
5
5
5
5
5
5
5
5
4
4
4
4
4
4
3
3
3
3
3
3
3
3
3
3
3
3
2
2
2
2
2
2
2
2
2
2
2
2
2
2
1
1
4263
3721
1554
1509
1431
1370
1335
1064
601
182
153
10
8
6
6
5
4
4
3
3
2
2
2
2
2
1
1
7459
3762
3441
2828
2573
2570
2397
2101
2066
1930
1663
1879
1835
1779
1641
1512
1227
946
855
803
768
745
684
646
590
577
551
520
434
405
364
305
270
164
116
110
105
89
88
75
63
47
44
44
41
36
33
20
20
20
19
18
18
17
16
14
13
12
12
12
12
11
11
11
10
10
9
9
9
8
8
8
7
7
7
7
7
6
6
6
6
6
6
6
6
5
5
5
5
5
5
5
5
5
5
5
5
4
4
4
4
4
4
3
3
3
3
3
3
3
2
2
2
2
2
2
2
2
1
1
9573
3224
2723
2535
2408
2304
2271
1938
1663
1619
1522
1502
1383
1316
1315
1305
1301
1230
1139
1132
1088
1079
1071
1040
930
926
791
686
676
673
664
585
475
437
402
394
323
254
228
128
92
83
67
58
53
36
33
20
18
16
16
15
14
14
10
9
8
8
8
7
7
7
7
7
6
6
6
5
5
4
4
4
4
4
3
3
3
3
2
2
2
2
2
2
2
2
2
2
1
1
1
1
1
1
5658
1833
1565
1423
1410
1399
965
753
589
511
275
132
33
16
16
13
11
10
8
7
4
4
3
2
2
1
1
0
1.1万
3577
3246
2144
2021
1653
1487
1060
1008
985
792
553
531
103
69
9
8
8
7
6
5
4
4
3
3
2
2
2
1
1
11万
9.3万
3.6万
1.1万
1.1万
8741
5644
5484
5126
4139
939
65
3975
3466
3174
2935
2189
2025
1964
1906
1642
1565
1553
1486
1469
1447
1360
1200
1090
1068
944
943
937
904
886
665
663
657
548
505
470
459
435
337
311
292
119
92
80
60
53
50
41
34
19
17
17
16
15
15
14
13
13
12
12
12
11
10
9
9
9
9
8
8
8
7
7
7
7
6
6
6
6
6
6
6
6
6
6
6
5
5
5
5
4
4
4
4
4
3
3
3
3
3
2
2
2
2
2
2
2
1
1
1
1
0
0
0
0
0
0
317
1267
797
933
137
1350
2152
1299
711
336
166
147
100
76
4
2827
2796
2570
2559
2419
2132
2122
2094
2055
2013
172
1791
1704
1669
1632
1621
1570
1520
1492
1483
1437
1351
1285
1271
1235
1214
1153
1130
1111
1111
1104
1087
1086
1082
1077
1070
1067
1066
1056
1056
1050
1047
1044
1039
1037
1011
975
851
664
653
606
565
557
552
536
519
518
488
470
410
409
347
246
110
58
46
18
10
7
6
6
5
5
5
4
4
4
4
4
4
4
4
3
3
3
3
3
3
3
3
2
2
2
2
2
2
2
2
1
1
0
0
704
435
1323
6920
3180
829
690
661
596
491
108
19
11
10
9
8
7
5
4
4
4
4
3
3
2
1
1
1339
3303
2312
1567
1268
1227
1060
1055
1023
510
495
480
121
8
7
5
4
3
3
3
3
3
3
2
2
1
1
1
2651
1004
752
585
610
147
102
1397
873
862
574
786
424
384
295
164
162
113
19
18
17
13
12
12
9
8
8
8
8
7
6
5
2
2
3698
5347
2209
1637
1567
1424
1381
971
968
677
574
528
340
261
243
124
105
51
30
30
20
20
17
16
14
12
11
10
10
10
10
9
9
9
7
7
6
6
6
6
6
5
5
5
5
4
4
4
4
3
3
1009
88
20
17
758
1.4万
7886
5069
2001
1712
1582
1125
1123
1067
1011
670
586
433
151
124
101
78
67
19
12
11
10
10
9
9
9
9
7
7
6
5
5
4
4
4
4
3
3
3
3
2
1
1
0
1.3万
3129
2765
2075
534
15
13
9
7
6
6
6
6
5
4
4
3
2
1
1
1
0
485
311
99
12
12
5
3
0
2327
1466
861
851
689
666
566
493
385
285
237
206
109
109
59
16
14
13
12
10
10
8
6
6
5
5
4
4
3
3
3
2
2
1
1
4868
2498
1469
1283
1149
1129
1060
947
685
93
18
15
15
8
8
4
3
2
1774
1715
1159
1043
872
639
555
528
432
356
142
235
81
20
14
13
9
7
7
6
6
6
6
5
5
4
4
3
3
3
2
2
2
2
2
2
1
1
1
1
114
566
20
2596
2367
2329
2096
2034
223
10
1620
1409
1407
1362
1236
1235
1147
1078
1041
984
966
946
936
689
608
597
594
563
555
538
523
522
468
459
343
307
265
124
95
53
21
12
9
8
8
7
5
5
4
3
3
3
3
2
1
1
0
2万
4.8万
1938
1727
1292
752
380
223
207
200
183
148
139
93
48
32
14
14
12
3
53
2906
17
2277
2219
2199
10
1969
1366
1166
1072
1054
1050
1027
974
961
958
939
608
520
516
460
320
275
229
168
119
74
38
14
13
10
9
8
7
7
6
5
5
4
4
4
3
3
3
2
2
2
2
2
2
2
2
1
1272
667
372
39
12
11
5
4
2
2
1万
3272
2177
2162
1532
1288
1183
711
704
265
98
223
195
164
104
95
64
20
18
16
14
14
11
11
10
10
8
6
5
4
4
3
3
3
2
1
2043
1135
1116
1044
901
569
526
85
6
5
4
3
3
3
2
1222
685
359
42
20
8
8
6
5
3
3
3
1
0
620
320
288
87
15
13
9
9
2690
2354
2156
1988
1496
911
800
552
32
16
11
10
9
8
7
6
5
4
4
4
3
2
2
2
1
1
2798
1825
1314
1262
570
306
151
149
131
106
10
8
7
5
5
5
4
4
4
4
3
3
3
2
2
2
2
1
1.1万
9154
8908
8901
8553
8543
8481
8292
8234
7909
367
1900
7540
7154
6762
6595
6483
5361
4816
4462
4407
3945
3511
3504
3150
3031
2997
2951
2937
2764
2752
2734
2720
2654
2631
2618
2606
2557
2519
2518
2495
2433
2432
2430
2413
2411
2402
2389
2389
2384
2376
2370
2353
2348
2347
2346
2344
2288
2286
2283
2276
2274
2254
2254
2252
2251
2233
2232
2209
2206
2198
2193
2191
2187
2186
2185
2183
2181
2168
2149
2134
2134
2126
2124
2093
2057
2040
2032
1918
1895
1866
1865
1829
1808
1775
1774
1757
1726
1726
1715
1692
1689
1689
1668
1586
1566
1544
1529
1517
1516
1476
1460
1437
1427
1407
1391
1379
1334
1327
1326
2042
1339
1291
753
566
558
405
132
17
9
6
6
5
4
4
3062
3030
615
17
14
12
9
8
7
6
5
3
3100
1668
1607
1315
1302
1267
1120
1055
1028
1015
894
545
545
104
92
15
15
14
10
7
7
7
5
4
4
4
4
4
3
3
1
1
1333
1023
8621
6037
3072
2808
2606
2485
2348
2302
1957
1837
1249
1775
1544
1528
1364
1259
1097
1060
1058
1054
972
943
716
710
616
570
549
546
462
416
410
367
290
216
173
132
129
93
65
27
17
12
11
9
8
7
6
6
5
4
4
4
3
3
3
3
3
3
3
3
3
2
2
2
2
2
2
2
2
2
1
240
102
10
9
8
6
6
3
2
1042
14
7
6
5
4
2
2
1
2327
1733
1354
786
329
135
106
19
12
10
9
7
7
7
7
7
4
4
2
2
2
2522
2101
1411
1273
1206
1093
1084
1026
616
468
193
31
15
13
11
11
10
10
9
6
4
4
4
4
3
2
2
1
2128
1287
1244
1070
581
271
190
56
20
18
15
14
7
6
6
5
5
5
4
3
3
3
2
2
2
2
2
2
2
1
0
323
34
12
12
7
4
4
1011
685
378
222
150
86
46
31
19
15
12
9
7
7
7
5
3
1
628
212
113
5
3
1
1047
808
3391
3065
1827
1587
1444
1355
1029
860
760
309
9
9
6
4
3
3
2
2
2
2
1
1312
648
638
545
503
106
61
41
16
13
11
9
8
8
7
4
4
3
3
2
1
9
417
1727
1421
492
175
85
82
73
47
42
15
14
14
3
3
3
2
2
1
2182
2158
1541
26
26
9
5
5
5
3
4090
1.2万
2227
2134
1747
1192
1160
1152
1038
1008
666
534
480
145
82
20
7
5
4
4
3
3
2
1
1
1
3250
1164
1091
70
16
6
785
701
248
142
100
10
2466
3
2
2967
2828
2631
2388
2331
2220
2137
2129
2061
2051
1977
1585
1577
1538
1536
1353
1312
1302
1170
1162
1156
1128
1072
1041
956
855
553
523
417
414
365
120
119
97
59
31
30
16
16
13
12
11
11
8
8
7
5
5
1870
1122
975
763
580
33
18
14
7
5
3
3
18
12
11
10
8
8
7
7
7
7
6
5
5
4
4
3
2
2996
2144
50
37
7
6
5
5
0
1529
185
165
79
17
9
7
3
3
2
2
2281
1163
1015
11
9
9
5
3.4万
4728
2253
1884
1473
1102
1036
500
424
9
7
6
4
4
3
3
1
1
2.2万
3757
3386
2803
2590
2499
2383
1923
1872
1538
1195
1477
1123
1119
1087
1044
1013
988
954
931
917
821
771
750
697
589
566
552
551
541
508
488
431
241
222
146
81
78
55
51
20
20
15
15
15
14
13
13
13
11
11
10
10
9
8
8
7
7
7
6
6
6
5
5
5
5
4
4
4
4
4
4
4
4
4
3
3
3
3
3
3
3
3
3
3
3
2
2
2
2
2
2
2
2
2
2
2
2
1
1
1
1
1
1
1
1
1
1
1
1
0
1427
832
610
61
17
10
7
5
2
6
6
253
5820
3776
114
2741
2254
1290
1217
807
728
459
415
85
48
45
17
16
12
6
5
5
2
1
1193
138
103
19
16
12
4
80
13
9
6
6
5
4
3
2
1
1449
9
7
312
259
115
8
7
1
6.6万
4.8万
2.7万
1297
1.9万
1.3万
1.2万
8212
7093
6290
5838
5452
5384
5225
5157
4780
4598
4234
3907
3599
3543
3394
3078
3061
2985
2964
2853
2613
2575
2403
2390
2359
2347
2338
2327
2293
2291
2286
2231
2203
2120
2118
2093
2085
1998
1723
1717
1615
1558
1552
1525
1514
1477
1471
1272
1230
1199
1194
1192
1171
1169
1136
1118
1096
1089
1082
1061
1040
933
595
590
574
527
331
320
290
285
246
240
234
234
232
206
175
160
142
139
118
107
107
73
69
65
58
56
52
44
43
41
37
37
32
30
25
20
20
20
19
19
18
17
17
17
17
16
16
16
16
15
15
